
 25   00:37:10   2583      0   00:37:13   2119      0
 24   00:15:15    658      0   00:45:23   1230      0
 23   00:40:56   1614      0       >24h  10517      0
 22   00:10:43   1236      0   00:38:28    769      0
 21   00:25:33    834      0   00:35:00    852      0
 20   17:09:45  10879      0   20:40:46   6236      0
 19   02:48:52   3838      0   23:35:13  11113      0
 18   00:21:06    797      0   00:27:54    570      0
 17       >24h  18469      0       >24h  17715      0
 16   00:13:05    820      0   01:02:16   1956      0
 15   00:11:46    700      0   01:12:44   4709      0
 14   00:17:29   1151      0   01:03:59   2583      0
 13   00:08:20   1147      0   01:12:22   1871      0
 12   00:17:03   2238      0   00:28:46   1452      0
 11   00:20:15   1123      0   00:36:13   1257      0
 10   00:08:26   1564      0   01:08:35   3739      0
  9   00:05:22    535      0   00:16:57   1667      0
  8   00:06:07    777      0   00:11:29    409      0
  7   00:22:01   1383      0   17:31:38  33001      0
  6   00:08:42   3059      0   00:11:25   1502      0
  5   00:08:17    828      0   00:13:48   1094      0
  4   10:09:27  40211      0   21:42:12  49657      0
  3   12:06:05  46275      0   12:08:48  43543      0
  2   00:04:00    390      0   00:10:00   1031      0
  1   09:22:32  34244      0   09:24:10  31161      0